3567
673
4880
1479
793
1149
3086
3927
2339
356
3937
438
3799
898
623
996
411
2324
3893
4126
1710
598
3032
1495
3172
3063
3557
4408
2802
416
1101
2763
4563
3071
627
4216
3171
4298
1042
4509
4619
1347
4233
2196
2394
3643
4056
4762
4762
1016
1885
3026
1065
2871
1360
3879
3034
310
360
60
927
3177
4573
77
4317
2434
3333
2918
570
3944
3769
391
3929
2649
3654
1130
4185
2197
479
4284
3244
3339
4698
3845
2735
4715
362
2782
3659
2881
2402
4620
4257
997
2851
2569
3074
1200
724
2929
4383
2880
361
4460
349
3945
2780
327
1778
434
2281
216
1436
3851
2127
2682
1548
573
4028
39
3075
3763
1564
1326
1417
2911
1521
3752
4784
235
2411
909
2329
344
3047
2214
3532
3965
2749
1289
1302
2702
3600
533
4753
2950
3121
1808
744
2624
4299
407
3716
2516
3102
2820
2547
2912
3638
2963
541
3079
458
4855
2483
527
4569
2930
702
2640
1881
1742
2104
2025
31
292
310
3139
548
4507
2090
3512
2015
2235
3017
3922
1977
3291
3333
2508
4438
4163
1303
1887
3268
4103
3378
2686
324
2354
1531
2667
56
593
1497
747
2061
2347
3436
1077
4695
19
4155
2059
1180
2059
1370
3063
1969
1932
4299
3442
1838
262
715
118
3599
3999
88
3870
2077
2061
1217
633
4783
4657
4350
4188
994
3375
2381
2921
4828
4385
3590
4014
4676
3165
1611
797
1314
3430
1109
1102
1979
1218
4396
3694
2554
3706
775
1614
1616
623
181
3747
1420
3568
3028
3120
4625
2489
690
4658
1102
2247
2532
3645
4380
4845
737
1739
1260
3820
4831
781
4891
2394
2782
4117
4252
3054
1494
2851
2097
4450
1730
3704
4401
4256
1421
2501
2199
2138
224
1930
886
4800
4324
2871
3872
2522
3922
4251
2781
3837
2498
1277
3657
4056
1753
4999
125
3375
1663
4946
1871
538
4908
1122
4577
4226
3704
3824
2583
3080
3694
4912
2424
97
1645
2486
3510
2692
843
1078
1481
673
4553
4747
3886
4052
2426
3248
1556
4096
3217
4818
2892
2213
561
4162
1158
2057
3260
4268
2575
2455
2961
618
1612
2905
575
722
3223
2731
2847
3315
3550
3409
855
1017
4720
1172
4637
4996
182
177
4274
964
3667
1961
2418
3544
1352
87
1083
1887
951
2502
4834
1466
2776
1479
4958
4494
1846
1622
4383
520
4527
941
513
3229
3917
4896
293
115
923
2005
4139
548
905
2647
1243
4800
680
153
4708
1881
3907
1627
3281
1118
3729
3539
4423
916
2168
2539
2972
2919
4375
4915
2498
3932
1430
3023
3097
3506
707
1933
1771
3228
2032
4175
1048
4356
2907
813
1984
2048
3315
4115
2532
4460
3273
2937
507
4001
3321
1246
284
1757
1221
3957
1704
529
1277
1725
742
1310
3512
3555
2296
3429
4497
2693
2316
1948
933
3072
2356
4665
96
2705
1934
1022
4646
458
4476
3797
4381
440
1157
3078
522
2245
4675
2044
1
2757
2250
934
1053
3517
706
1723
2244
965
1127
4489
422
1980
1942
1860
4219
788
3440
104
1074
4344
486
2309
505
1894
4587
577
4160
1184
3847
3568
2180
4668
2938
2752
3046
446
4551
11
4611
2250
2011
3936
2263
228
1498
1670
3837
1564
3884
4759
4523
3427
4175
3355
79
3801
4274
3659
3395
2946
3861
2202
3297
2824
1300
3390
4612
2380
3010
1909
2343
2711
4599
3338
161
2968
1201
2953
52
1438
3868
857
4788
53
2146
1813
918
3341
4165
4565
4060
3463
3974
3889
4538
1863
1733
1595
4942
2557
2402
4655
4300
3826
1965
4209
98
1733
2065
4518
3871
2248
4875
352
2144
3485
4680
574
4409
2085
2577
1152
4952
3980
4973
3347
864
1490
2227
4389
3039
4089
2538
3215
2067
110
2491
1252
2481
1146
1332
1322
573
283
4897
580
4040
4125
280
3039
1167
642
3345
4852
446
4286
2305
134
1399
2499
3133
4576
3369
3006
4165
4724
898
3165
1974
4801
922
1581
684
3608
593
2618
2671
2110
1776
46
813
4750
918
536
2389
2646
1613
2339
18
366
3201
4142
3871
3266
3285
3389
3140
1721
4691
1085
4159
4082
4001
4783
2531
4779
4467
4450
1284
3394
4175
2694
578
4281
67
1831
4842
1983
2197
1698
1153
4443
713
772
320
4238
2712
1982
233
3717
188
529
4701
2010
2165
72
3981
457
734
2035
79
1499
856
3103
2339
1551
919
4076
1169
2934
3915
2772
4027
615
1061
665
2012
2112
2570
1466
1169
2634
1870
1204
4500
3591
3320
4504
3718
2572
3074
3642
4435
3491
4232
930
683
2858
1994
4754
2166
902
2078
3072
241
2906
674
3645
2551
734
720
4878
4158
4849
2861
4003
2834
4426
148
4884
3543
2438
168
3611
2439
206
2430
4546
2995
4806
2001
2908
3240
2678
1755
2789
1019
606
1579
851
214
2711
690
3499
1236
3482
3820
1418
686
1487
2841
1474
1987
2861
2105
3396
704
4568
3281
2925
1445
2486
756
4586
801
2143
500
2234
4994
3589
4390
3371
315
704
4432
1606
984
357
871
1859
4590
1575
2196
2543
3636
4100
3047
3189
522
1453
1718
3349
392
1915
1165
4658
990
225
660
2643
421
4168
4068
1050
1818
1787
213
1223
965
1591
4147
707
532
2004
795
2405
4642
2589
4350
4763
1597
2939
3406
3589
77
3527
12
286
1153
4378
1188
35
2856
4793
2337
2906
749
2798
1797
3775
3912
3477
1913
1597
1433
4124
2143
4082
46
2645
1594
499
1390
1234
745
4340
4730
399
3609
4178
4680
2541
1278
1824
2978
1266
4466
1106
824
1817
2568
1010
4446
1030
3486
1278
1725
1275
4293
235
3168
1462
364
4963
531
2096
4715
4060
4632
272
4777
487
4155
4466
655
3368
2540
2445
4990
1040
3446
2054
814
4394
876
110
3971
1755
